   0.0090103   0.0000000
   0.0270310   0.0000000
   0.0450516   0.0000000
   0.0630723   0.0000000
   0.0810929   0.0000000
   0.0991136   0.0000000
   0.1171342   0.0000000
   0.1351549   0.0000000
   0.1531755   0.0000000
   0.1711962   0.0000000
   0.1892168   0.0000000
   0.2072374   0.0000000
   0.2252581   0.0000000
   0.2432787   0.0000000
   0.2612994   0.0000000
   0.2793200   0.0000000
   0.2973407   0.0000000
   0.3153613   0.0000000
   0.3333820   0.0000000
   0.3514026   0.0000000
   0.3694233   0.0000000
   0.3874439   0.0000000
   0.4054646   0.0000000
   0.4234852   0.0000000
   0.4415059   0.0000000
   0.4595265   0.0000000
   0.4775472   0.0000000
   0.4955678   0.0000000
   0.5135885   0.0000000
   0.5316091   0.0000000
   0.5496297   0.0000000
   0.5676504   0.0000000
   0.5856710   0.0000000
   0.6036917   0.0000000
   0.6217123   0.0000000
   0.6397330   0.0000000
   0.6577536   0.0000000
   0.6757743   0.0000000
   0.6937949   0.0000000
   0.7118156   0.0000000
   0.7298362   0.0000000
   0.7478569   0.0000000
   0.7658775   0.0000000
   0.7838982   0.0000000
   0.8019188   0.0000000
   0.8199395   0.0000000
   0.8379601   0.0000000
   0.8559808   0.0000000
   0.8740014   0.0001637
   0.8920221   0.0007753
   0.9100427   0.0086877
   0.9280633   0.0592010
   0.9460840   0.2528041
   0.9641046   0.6809669
   0.9821253   1.4388674
   1.0001459   2.3675591
   1.0181666   3.3145488
   1.0361872   4.0671383
   1.0542079   4.4907202
   1.0722285   4.5066240
   1.0902492   4.2001161
   1.1082698   3.7099769
   1.1262905   3.1389478
   1.1443111   2.5546302
   1.1623318   1.9596604
   1.1803524   1.4315108
   1.1983731   1.0190078
   1.2163937   0.7081695
   1.2344144   0.4738644
   1.2524350   0.3225426
   1.2704556   0.2049427
   1.2884763   0.1289933
   1.3064969   0.0934865
   1.3245176   0.0829048
   1.3425382   0.0935904
   1.3605589   0.1232045
   1.3785795   0.1776751
   1.3966002   0.2416220
   1.4146208   0.3316248
   1.4326415   0.4338317
   1.4506621   0.5442207
   1.4686828   0.6423769
   1.4867034   0.7298000
   1.5047241   0.8103648
   1.5227447   0.8719404
   1.5407654   0.8787832
   1.5587860   0.8390104
   1.5768067   0.7635943
   1.5948273   0.6677163
   1.6128480   0.5647903
   1.6308686   0.4682376
   1.6488892   0.3844046
   1.6669099   0.3219271
   1.6849305   0.2933255
   1.7029512   0.3227101
   1.7209718   0.4070329
   1.7389925   0.5584732
   1.7570131   0.7772814
   1.7750338   1.0638618
   1.7930544   1.3925488
   1.8110751   1.7300691
   1.8290957   2.0542479
   1.8471164   2.3190399
   1.8651370   2.4490816
   1.8831577   2.4768879
   1.9011783   2.3408605
   1.9191990   2.1401968
   1.9372196   1.8719954
   1.9552403   1.5609449
   1.9732609   1.2651367
   1.9912815   0.9853840
   2.0093022   0.7601320
   2.0273228   0.6420834
   2.0453435   0.5880884
   2.0633641   0.5871629
   2.0813848   0.6365613
   2.0994054   0.7151182
   2.1174261   0.8103524
   2.1354467   0.8775759
   2.1534674   0.9286360
   2.1714880   0.9499915
   2.1895087   0.9131138
   2.2075293   0.8626363
   2.2255500   0.7989858
   2.2435706   0.7259083
   2.2615913   0.6907603
   2.2796119   0.6703540
   2.2976326   0.6958108
