   0.0100194   0.0000000
   0.0300582   0.0000000
   0.0500970   0.0000000
   0.0701357   0.0000000
   0.0901745   0.0000000
   0.1102133   0.0000000
   0.1302521   0.0000000
   0.1502909   0.0000000
   0.1703296   0.0000000
   0.1903684   0.0000000
   0.2104072   0.0000000
   0.2304460   0.0000000
   0.2504848   0.0000000
   0.2705235   0.0000000
   0.2905623   0.0000000
   0.3106011   0.0000000
   0.3306399   0.0000000
   0.3506787   0.0000000
   0.3707174   0.0000000
   0.3907562   0.0000000
   0.4107950   0.0000000
   0.4308338   0.0000000
   0.4508726   0.0000000
   0.4709113   0.0000000
   0.4909501   0.0000000
   0.5109889   0.0000000
   0.5310277   0.0000000
   0.5510665   0.0000000
   0.5711052   0.0000000
   0.5911440   0.0000000
   0.6111828   0.0000000
   0.6312216   0.0000000
   0.6512604   0.0000000
   0.6712992   0.0000000
   0.6913379   0.0000000
   0.7113767   0.0000000
   0.7314155   0.0000000
   0.7514543   0.0000000
   0.7714931   0.0000000
   0.7915318   0.0000000
   0.8115706   0.0000000
   0.8316094   0.0000000
   0.8516482   0.0009807
   0.8716870   0.0118985
   0.8917257   0.0699947
   0.9117645   0.2281003
   0.9318033   0.5146196
   0.9518421   0.9196254
   0.9718809   1.3734514
   0.9919196   1.8029979
   1.0119584   2.0961369
   1.0319972   2.2791627
   1.0520360   2.3167328
   1.0720748   2.2925316
   1.0921135   2.2124175
   1.1121523   2.0637576
   1.1321911   1.9129480
   1.1522299   1.7891492
   1.1722687   1.6796315
   1.1923074   1.5534226
   1.2123462   1.4401334
   1.2323850   1.3100217
   1.2524238   1.2397161
   1.2724626   1.1674815
   1.2925014   1.0932949
   1.3125401   1.0445488
   1.3325789   0.9792402
   1.3526177   0.9357288
   1.3726565   0.8911433
   1.3926953   0.8682670
   1.4127340   0.8420697
   1.4327728   0.8007270
   1.4528116   0.7886619
   1.4728504   0.7710929
   1.4928892   0.7627248
   1.5129279   0.7661602
   1.5329667   0.7622602
   1.5530055   0.7422374
   1.5730443   0.7486242
   1.5930831   0.7545381
   1.6131218   0.7649683
   1.6331606   0.7632293
   1.6531994   0.7706286
   1.6732382   0.7908858
   1.6932770   0.8032501
   1.7133157   0.8291062
   1.7333545   0.8507967
   1.7533933   0.8665466
   1.7734321   0.8902021
   1.7934709   0.9138271
   1.8135096   0.9514432
   1.8335484   0.9735137
   1.8535872   0.9998856
   1.8736260   1.0218084
   1.8936648   1.0588361
   1.9137035   1.0711068
   1.9337423   1.0908351
   1.9537811   1.1194714
   1.9738199   1.1364879
   1.9938587   1.1529607
   2.0138975   1.1613982
   2.0339362   1.1704024
   2.0539750   1.1657891
   2.0740138   1.1604087
   2.0940526   1.1545847
   2.1140914   1.1589974
   2.1341301   1.1486001
   2.1541689   1.1254220
   2.1742077   1.1174739
   2.1942465   1.1033235
   2.2142853   1.0861483
   2.2343240   1.0799884
   2.2543628   1.0518086
   2.2744016   1.0377109
   2.2944404   1.0306717
   2.3144792   1.0113854
   2.3345179   0.9956672
   2.3545567   0.9915077
   2.3745955   0.9836218
   2.3946343   0.9750994
   2.4146731   0.9601600
   2.4347118   0.9483818
   2.4547506   0.9427954
   2.4747894   0.9419493
   2.4948282   0.9359601
   2.5148670   0.9371126
   2.5349057   0.9292156
   2.5549445   0.9343451
