       108   4.6132858
Lennard Jonesium
Ar    -1.8862692  -1.8423516  -1.9457601
Ar    -0.2824774  -2.1107421  -1.8785905
Ar     1.1713166  -1.9690643  -2.0340065
Ar    -1.8635210  -0.4044127  -1.8864272
Ar    -0.3981169  -0.3753639  -1.9762269
Ar     1.1742427  -0.3718780  -1.9415751
Ar    -1.9436314   1.1476453  -1.9651651
Ar    -0.4232790   1.1707149  -1.9730193
Ar     1.1346065   1.1659297  -1.9197822
Ar    -1.8329700  -1.8881904  -0.4038969
Ar    -0.3422290  -1.8744494  -0.4209545
Ar     1.1592084  -1.8909105  -0.3815873
Ar    -1.9524520  -0.3017194  -0.3655178
Ar    -0.3799308  -0.4625841  -0.3172892
Ar     1.1112589  -0.3884343  -0.4010216
Ar    -1.8744466   1.1587738  -0.3851802
Ar    -0.3446098   1.1933962  -0.3424383
Ar     1.0843146   1.1523929  -0.4114995
Ar    -2.0353780  -1.8508094   1.1381098
Ar    -0.4397588  -1.9171512   1.1406753
Ar     1.1974009  -1.9561596   1.1497985
Ar    -1.9224663  -0.4784758   1.1501166
Ar    -0.4814279  -0.2995945   1.1286032
Ar     1.1393200  -0.3565577   1.0573826
Ar    -1.9247981   1.1301338   1.2485819
Ar    -0.4169768   1.1044460   1.1710278
Ar     1.1444037   1.1319612   1.1788787
Ar    -1.1570497  -1.1430993  -1.9386208
Ar     0.3802149  -1.1353625  -1.8480329
Ar     1.9188991  -1.1785286  -1.9864800
Ar    -1.0386790   0.3743260  -1.9493488
Ar     0.3825872   0.3769475  -1.9609127
Ar     1.9104462   0.4090958  -1.9096351
Ar    -1.1929946   1.9694815  -1.9300992
Ar     0.4570755   1.9348105  -2.1217822
Ar     2.0060538   1.9052667  -1.9207902
Ar    -1.1378173  -1.0980443  -0.2979042
Ar     0.3508285  -1.1721521  -0.3809306
Ar     1.9042412  -1.1083275  -0.4380777
Ar    -1.0619246   0.3571527  -0.3592496
Ar     0.3478458   0.3083200  -0.2889358
Ar     1.8540970   0.4068368  -0.3869034
Ar    -1.1771603   1.8967906  -0.3858666
Ar     0.4059451   2.0226899  -0.2765270
Ar     1.9945094   1.9081125  -0.3597531
Ar    -1.2073981  -1.1780326   1.1144607
Ar     0.4794652  -1.1322329   1.1510623
Ar     1.8403384  -1.1724413   1.1298834
Ar    -1.2521529   0.3435108   1.2115987
Ar     0.3083938   0.3973406   1.1492575
Ar     1.9038672   0.3109359   1.1049377
Ar    -1.1981869   1.9580524   1.2737268
Ar     0.4462287   1.9768347   1.1934634
Ar     1.9762886   1.9184218   1.1310059
Ar    -1.9667801  -1.1734555  -1.1375721
Ar    -0.3596071  -1.1682467  -1.1812292
Ar     1.1405004  -1.1659507  -1.1622971
Ar    -1.9605099   0.3437557  -1.1682372
Ar    -0.4675169   0.2411386  -1.1175730
Ar     1.1492379   0.4354217  -1.1480935
Ar    -1.9096711   1.9111613  -1.1286259
Ar    -0.3097609   1.9217788  -1.0453345
Ar     1.2178221   1.7906438  -1.0645356
Ar    -1.9534338  -1.1814789   0.3158304
Ar    -0.3659150  -1.1348610   0.4673525
Ar     1.1341061  -1.1844809   0.3972279
Ar    -1.9034500   0.4199159   0.4253863
Ar    -0.3822575   0.4002907   0.4361511
Ar     1.0921677   0.4530840   0.4574866
Ar    -1.9113483   1.7757864   0.4061992
Ar    -0.4939619   1.9346409   0.4493086
Ar     1.1876314   1.9074205   0.3784360
Ar    -1.9455987  -1.0640148   1.9592506
Ar    -0.3191585  -1.0317137   1.8169656
Ar     1.1818122  -1.1426987   1.9833227
Ar    -1.9319110   0.3548678   2.0020881
Ar    -0.3928101   0.3617112   1.8986302
Ar     1.1325732   0.3382112   1.8782463
Ar    -1.9818989   1.9722053   1.9573513
Ar    -0.4044390   1.9809427   1.9275350
Ar     1.2592097   1.8704520   1.8397395
Ar    -1.0939165  -1.8686840  -1.1924816
Ar     0.6108474  -2.0549551  -1.2248506
Ar     1.9770711  -1.9242126  -1.1389813
Ar    -1.2248023  -0.4902202  -1.0678263
Ar     0.4725209  -0.2946311  -1.1237986
Ar     1.9254155  -0.3701490  -1.1934793
Ar    -1.1290384   1.1137273  -1.1402178
Ar     0.3494882   1.0764654  -1.1289905
Ar     1.9808008   1.1215214  -1.1244642
Ar    -1.2460756  -1.9293905   0.3317274
Ar     0.3711184  -1.8853891   0.4071412
Ar     1.8827369  -1.9104284   0.3126266
Ar    -1.1655021  -0.3350361   0.3558042
Ar     0.2928393  -0.3673061   0.5016600
Ar     1.8711434  -0.3790780   0.3170582
Ar    -1.0842120   1.1350708   0.2644247
Ar     0.3194809   1.2495132   0.4565963
Ar     1.9225420   1.0946904   0.4274761
Ar    -1.2364433  -1.8453401   1.8027859
Ar     0.4171879  -1.8249589   1.9639426
Ar     1.9256125  -1.8210585   1.8963442
Ar    -1.1712609  -0.4221903   1.8865990
Ar     0.4415365  -0.3590017   1.7832516
Ar     1.9393940  -0.3091123   1.9007918
Ar    -1.1469359   1.1450004   1.9440260
Ar     0.3377780   1.0814288   1.8864008
Ar     1.9103456   1.1339461   1.9206414
