       t     x(t)     y(t)    vx(t)    vy(t)
 0.00000  1.00000  0.00000 -0.00000  5.00000
 0.10000  0.95534  0.47943 -0.88656  4.38791
 0.20000  0.82534  0.84147 -1.69393  2.70151
 0.30000  0.62161  0.99749 -2.34998  0.35369
 0.40000  0.36236  0.90930 -2.79612 -2.08073
 0.50000  0.07074  0.59847 -2.99249 -4.00572
 0.60000 -0.22720  0.14112 -2.92154 -4.94996
 0.70000 -0.50485 -0.35078 -2.58963 -4.68228
 0.80000 -0.73739 -0.75680 -2.02639 -3.26822
 0.90000 -0.90407 -0.97753 -1.28214 -1.05398
 1.00000 -0.98999 -0.95892 -0.42336  1.41831
 1.10000 -0.98748 -0.70554  0.47324  3.54335
 1.20000 -0.89676 -0.27942  1.32756  4.80085
 1.30000 -0.72593  0.21512  2.06330  4.88294
 1.40000 -0.49026  0.65699  2.61473  3.76951
 1.50000 -0.21080  0.93800  2.93259  1.73318
 1.60000  0.08750  0.98936  2.98849 -0.72750
 1.70000  0.37798  0.79849  2.77744 -3.01006
 1.80000  0.63469  0.41212  2.31829 -4.55565
 1.90000  0.83471 -0.07515  1.65206 -4.98586
 2.00000  0.96017 -0.54402  0.83825 -4.19536
 2.10000  0.99986 -0.87970 -0.05044 -2.37768
 2.20000  0.95023 -0.99999 -0.93463  0.02213
 2.30000  0.81573 -0.87545 -1.73532  2.41652
 2.40000  0.60835 -0.53657 -2.38100  4.21927
 2.50000  0.34664 -0.06632 -2.81400  4.98899
 2.60000  0.05396  0.42017 -2.99563  4.53723
 2.70000 -0.24354  0.80378 -2.90967  2.97460
 2.80000 -0.51929  0.99061 -2.56380  0.68369
 2.90000 -0.74865  0.93490 -1.98891 -1.77462
 3.00000 -0.91113  0.65029 -1.23636 -3.79844
 3.10000 -0.99223  0.20647 -0.37336 -4.89227
 3.20000 -0.98469 -0.28790  0.52298 -4.78830
 3.30000 -0.88919 -0.71179  1.37261 -3.51199
 3.40000 -0.71427 -0.96140  2.09963 -1.37582
 3.50000 -0.47554 -0.97563  2.63909  1.09720
 3.60000 -0.19433 -0.75099  2.94281  3.30158
 3.70000  0.10424 -0.34248  2.98366  4.69762
 3.80000  0.39349  0.14988  2.75799  4.94352
 3.90000  0.64760  0.60554  2.28595  3.97907
 4.00000  0.84385  0.91295  1.60972  2.04041
 4.10000  0.96473  0.99683  0.78970 -0.39782
 4.20000  0.99943  0.83665 -0.10087 -2.73865
 4.30000  0.94486  0.47164 -0.98242 -4.40896
 4.40000  0.80588 -0.00885 -1.77622 -4.99980
 4.50000  0.59492 -0.48717 -2.41135 -4.36652
 4.60000  0.33082 -0.84622 -2.83109 -2.66417
 4.70000  0.03716 -0.99808 -2.99793 -0.30952
 4.80000 -0.25982 -0.90558 -2.89697  2.12090
 4.90000 -0.53359 -0.59136 -2.53724  4.03205
 5.00000 -0.75969 -0.13235 -1.95086  4.95601
 5.10000 -0.91793  0.35906 -1.19022  4.66658
 5.20000 -0.99418  0.76256 -0.32326  3.23459
 5.30000 -0.98162  0.97936  0.57258  1.01068
 5.40000 -0.88137  0.95638  1.41727 -1.46069
 5.50000 -0.70240  0.69924  2.13536 -3.57443
 5.60000 -0.46068  0.27091  2.66270 -4.81303
 5.70000 -0.17781 -0.22376  2.95220 -4.87322
 5.80000  0.12095 -0.66363  2.97798 -3.74029
 5.90000  0.40889 -0.94103  2.73775 -1.69160
 6.00000  0.66032 -0.98803  2.25296  0.77126
 6.10000  0.85276 -0.79313  1.56693  3.04528
 6.20000  0.96902 -0.40404  0.74092  4.57372
 6.30000  0.99873  0.08397 -0.15127  4.98234
 6.40000  0.93922  0.55143 -1.02995  4.17112
 6.50000  0.79581  0.88387 -1.81662  2.33866
 6.60000  0.58132  0.99991 -2.44102 -0.06638
 6.70000  0.31490  0.87114 -2.84737 -2.45517
 6.80000  0.02035  0.52908 -2.99938 -4.24285
 6.90000 -0.27602  0.05749 -2.88346 -4.99173
 7.00000 -0.54773 -0.42818 -2.50997 -4.51846
 7.10000 -0.77051 -0.80902 -1.91227 -2.93891
 7.20000 -0.92447 -0.99178 -1.14375 -0.63982
 7.30000 -0.99585 -0.93172 -0.27306  1.81593
 7.40000 -0.97827 -0.64354  0.62201  3.82707
 7.50000 -0.87330 -0.19780  1.46152  4.90121
 7.60000 -0.69033  0.29637  2.17048  4.77537
 7.70000 -0.44569  0.71797  2.68556  3.48035
 7.80000 -0.16124  0.96380  2.96075  1.33321
 7.90000  0.13762  0.97365  2.97146 -1.14033
 8.00000  0.42418  0.74511  2.71674 -3.33469
 8.10000  0.67285  0.33415  2.21933 -4.71260
 8.20000  0.86142 -0.15862  1.52369 -4.93670
 8.30000  0.97304 -0.61256  0.69193 -3.95212
 8.40000  0.99774 -0.91652 -0.20163 -1.99991
 8.50000  0.93332 -0.99609 -1.07718  0.44192
 8.60000  0.78552 -0.83177 -1.85651  2.77557
 8.70000  0.56756 -0.46382 -2.47000  4.42966
 8.80000  0.29890  0.01770 -2.86286  4.99922
 8.90000  0.00354  0.49489 -2.99998  4.34478
 9.00000 -0.29214  0.85090 -2.86913  2.62661
 9.10000 -0.56172  0.99859 -2.48198  0.26534
 9.20000 -0.78112  0.90179 -1.87313 -2.16089
 9.30000 -0.93075  0.58420 -1.09695 -4.05806
 9.40000 -0.99724  0.12357 -0.22279 -4.96168
 9.50000 -0.97465 -0.36731  0.67127 -4.65050
 9.60000 -0.86499 -0.76825  1.50537 -3.20072
 9.70000 -0.67807 -0.98111  2.20500 -0.96729
 9.80000 -0.43057 -0.95375  2.70767  1.50296
 9.90000 -0.14462 -0.69288  2.96846  3.60525
10.00000  0.15425 -0.26237  2.96409  4.82483
