  0.0000000000E+00  0.1555568006E+01  0.1555552912E+01
  0.1000000000E-01  0.1555580904E+01  0.1555550601E+01
  0.2000000000E-01  0.1555594129E+01  0.1555548609E+01
  0.3000000000E-01  0.1555607544E+01  0.1555546923E+01
  0.4000000000E-01  0.1555621003E+01  0.1555545521E+01
  0.5000000000E-01  0.1555634352E+01  0.1555544381E+01
  0.6000000000E-01  0.1555647431E+01  0.1555543479E+01
  0.7000000000E-01  0.1555660076E+01  0.1555542788E+01
  0.8000000000E-01  0.1555672123E+01  0.1555542278E+01
  0.9000000000E-01  0.1555683410E+01  0.1555541921E+01
  0.1000000000E+00  0.1555693782E+01  0.1555541689E+01
  0.1100000000E+00  0.1555703092E+01  0.1555541554E+01
  0.1200000000E+00  0.1555711206E+01  0.1555541489E+01
  0.1300000000E+00  0.1555718005E+01  0.1555541472E+01
  0.1400000000E+00  0.1555723387E+01  0.1555541482E+01
  0.1500000000E+00  0.1555727272E+01  0.1555541503E+01
  0.1600000000E+00  0.1555729599E+01  0.1555541522E+01
  0.1700000000E+00  0.1555730332E+01  0.1555541534E+01
  0.1800000000E+00  0.1555729461E+01  0.1555541535E+01
  0.1900000000E+00  0.1555726998E+01  0.1555541527E+01
  0.2000000000E+00  0.1555722981E+01  0.1555541518E+01
  0.2100000000E+00  0.1555717469E+01  0.1555541520E+01
  0.2200000000E+00  0.1555710545E+01  0.1555541549E+01
  0.2300000000E+00  0.1555702312E+01  0.1555541626E+01
  0.2400000000E+00  0.1555692889E+01  0.1555541773E+01
  0.2500000000E+00  0.1555682412E+01  0.1555542017E+01
  0.2600000000E+00  0.1555671029E+01  0.1555542385E+01
  0.2700000000E+00  0.1555658895E+01  0.1555542905E+01
  0.2800000000E+00  0.1555646171E+01  0.1555543607E+01
  0.2900000000E+00  0.1555633024E+01  0.1555544519E+01
  0.3000000000E+00  0.1555619616E+01  0.1555545668E+01
  0.3100000000E+00  0.1555606108E+01  0.1555547079E+01
  0.3200000000E+00  0.1555592654E+01  0.1555548774E+01
  0.3300000000E+00  0.1555579399E+01  0.1555550772E+01
  0.3400000000E+00  0.1555566480E+01  0.1555553090E+01
  0.3500000000E+00  0.1555554018E+01  0.1555555738E+01
  0.3600000000E+00  0.1555542123E+01  0.1555558726E+01
  0.3700000000E+00  0.1555530889E+01  0.1555562055E+01
  0.3800000000E+00  0.1555520398E+01  0.1555565727E+01
  0.3900000000E+00  0.1555510712E+01  0.1555569737E+01
  0.4000000000E+00  0.1555501883E+01  0.1555574075E+01
  0.4100000000E+00  0.1555493945E+01  0.1555578730E+01
  0.4200000000E+00  0.1555486920E+01  0.1555583686E+01
  0.4300000000E+00  0.1555480816E+01  0.1555588926E+01
  0.4400000000E+00  0.1555475630E+01  0.1555594428E+01
  0.4500000000E+00  0.1555471346E+01  0.1555600169E+01
  0.4600000000E+00  0.1555467942E+01  0.1555606124E+01
  0.4700000000E+00  0.1555465385E+01  0.1555612268E+01
  0.4800000000E+00  0.1555463636E+01  0.1555618573E+01
  0.4900000000E+00  0.1555462651E+01  0.1555625011E+01
  0.5000000000E+00  0.1555462380E+01  0.1555631556E+01
  0.5100000000E+00  0.1555462771E+01  0.1555638180E+01
  0.5200000000E+00  0.1555463770E+01  0.1555644856E+01
  0.5300000000E+00  0.1555465321E+01  0.1555651558E+01
  0.5400000000E+00  0.1555467367E+01  0.1555658261E+01
  0.5500000000E+00  0.1555469854E+01  0.1555664941E+01
  0.5600000000E+00  0.1555472725E+01  0.1555671575E+01
  0.5700000000E+00  0.1555475930E+01  0.1555678143E+01
  0.5800000000E+00  0.1555479416E+01  0.1555684626E+01
  0.5900000000E+00  0.1555483136E+01  0.1555691005E+01
  0.6000000000E+00  0.1555487044E+01  0.1555697264E+01
  0.6100000000E+00  0.1555491097E+01  0.1555703390E+01
  0.6200000000E+00  0.1555495257E+01  0.1555709369E+01
  0.6300000000E+00  0.1555499486E+01  0.1555715190E+01
  0.6400000000E+00  0.1555503753E+01  0.1555720844E+01
  0.6500000000E+00  0.1555508027E+01  0.1555726322E+01
  0.6600000000E+00  0.1555512282E+01  0.1555731619E+01
  0.6700000000E+00  0.1555516494E+01  0.1555736728E+01
  0.6800000000E+00  0.1555520642E+01  0.1555741647E+01
  0.6900000000E+00  0.1555524707E+01  0.1555746372E+01
  0.7000000000E+00  0.1555528675E+01  0.1555750901E+01
  0.7100000000E+00  0.1555532533E+01  0.1555755235E+01
  0.7200000000E+00  0.1555536269E+01  0.1555759373E+01
  0.7300000000E+00  0.1555539874E+01  0.1555763316E+01
  0.7400000000E+00  0.1555543342E+01  0.1555767067E+01
  0.7500000000E+00  0.1555546667E+01  0.1555770628E+01
  0.7600000000E+00  0.1555549845E+01  0.1555774001E+01
  0.7700000000E+00  0.1555552874E+01  0.1555777192E+01
  0.7800000000E+00  0.1555555753E+01  0.1555780203E+01
  0.7900000000E+00  0.1555558481E+01  0.1555783040E+01
  0.8000000000E+00  0.1555561060E+01  0.1555785706E+01
  0.8100000000E+00  0.1555563492E+01  0.1555788208E+01
  0.8200000000E+00  0.1555565777E+01  0.1555790551E+01
  0.8300000000E+00  0.1555567921E+01  0.1555792739E+01
  0.8400000000E+00  0.1555569925E+01  0.1555794779E+01
  0.8500000000E+00  0.1555571794E+01  0.1555796676E+01
  0.8600000000E+00  0.1555573533E+01  0.1555798437E+01
  0.8700000000E+00  0.1555575145E+01  0.1555800066E+01
  0.8800000000E+00  0.1555576636E+01  0.1555801570E+01
  0.8900000000E+00  0.1555578011E+01  0.1555802954E+01
  0.9000000000E+00  0.1555579275E+01  0.1555804225E+01
  0.9100000000E+00  0.1555580432E+01  0.1555805388E+01
  0.9200000000E+00  0.1555581488E+01  0.1555806448E+01
  0.9300000000E+00  0.1555582449E+01  0.1555807411E+01
  0.9400000000E+00  0.1555583319E+01  0.1555808283E+01
  0.9500000000E+00  0.1555584104E+01  0.1555809069E+01
  0.9600000000E+00  0.1555584809E+01  0.1555809775E+01
  0.9700000000E+00  0.1555585439E+01  0.1555810404E+01
  0.9800000000E+00  0.1555585998E+01  0.1555810963E+01
  0.9900000000E+00  0.1555586492E+01  0.1555811457E+01
  0.1000000000E+01  0.1555586925E+01  0.1555811889E+01
  0.1010000000E+01  0.1555587302E+01  0.1555812265E+01
  0.1020000000E+01  0.1555587627E+01  0.1555812589E+01
  0.1030000000E+01  0.1555587905E+01  0.1555812866E+01
  0.1040000000E+01  0.1555588140E+01  0.1555813099E+01
  0.1050000000E+01  0.1555588336E+01  0.1555813293E+01
  0.1060000000E+01  0.1555588497E+01  0.1555813452E+01
  0.1070000000E+01  0.1555588626E+01  0.1555813579E+01
  0.1080000000E+01  0.1555588728E+01  0.1555813678E+01
  0.1090000000E+01  0.1555588806E+01  0.1555813752E+01
  0.1100000000E+01  0.1555588862E+01  0.1555813805E+01
  0.1110000000E+01  0.1555588902E+01  0.1555813841E+01
  0.1120000000E+01  0.1555588926E+01  0.1555813861E+01
  0.1130000000E+01  0.1555588939E+01  0.1555813869E+01
  0.1140000000E+01  0.1555588943E+01  0.1555813868E+01
  0.1150000000E+01  0.1555588941E+01  0.1555813861E+01
  0.1160000000E+01  0.1555588936E+01  0.1555813849E+01
  0.1170000000E+01  0.1555588928E+01  0.1555813836E+01
  0.1180000000E+01  0.1555588922E+01  0.1555813822E+01
  0.1190000000E+01  0.1555588919E+01  0.1555813812E+01
  0.1200000000E+01  0.1555588920E+01  0.1555813805E+01
  0.1210000000E+01  0.1555588928E+01  0.1555813805E+01
  0.1220000000E+01  0.1555588945E+01  0.1555813812E+01
  0.1230000000E+01  0.1555588970E+01  0.1555813828E+01
  0.1240000000E+01  0.1555589007E+01  0.1555813854E+01
  0.1250000000E+01  0.1555589056E+01  0.1555813893E+01
  0.1260000000E+01  0.1555589119E+01  0.1555813943E+01
  0.1270000000E+01  0.1555589195E+01  0.1555814008E+01
  0.1280000000E+01  0.1555589286E+01  0.1555814086E+01
  0.1290000000E+01  0.1555589393E+01  0.1555814180E+01
  0.1300000000E+01  0.1555589516E+01  0.1555814288E+01
  0.1310000000E+01  0.1555589654E+01  0.1555814412E+01
  0.1320000000E+01  0.1555589809E+01  0.1555814552E+01
  0.1330000000E+01  0.1555589981E+01  0.1555814707E+01
  0.1340000000E+01  0.1555590168E+01  0.1555814878E+01
  0.1350000000E+01  0.1555590371E+01  0.1555815064E+01
  0.1360000000E+01  0.1555590589E+01  0.1555815265E+01
  0.1370000000E+01  0.1555590822E+01  0.1555815479E+01
  0.1380000000E+01  0.1555591069E+01  0.1555815707E+01
  0.1390000000E+01  0.1555591329E+01  0.1555815948E+01
  0.1400000000E+01  0.1555591600E+01  0.1555816199E+01
  0.1410000000E+01  0.1555591882E+01  0.1555816460E+01
  0.1420000000E+01  0.1555592172E+01  0.1555816730E+01
  0.1430000000E+01  0.1555592470E+01  0.1555817007E+01
  0.1440000000E+01  0.1555592773E+01  0.1555817290E+01
  0.1450000000E+01  0.1555593080E+01  0.1555817575E+01
  0.1460000000E+01  0.1555593389E+01  0.1555817862E+01
  0.1470000000E+01  0.1555593696E+01  0.1555818148E+01
  0.1480000000E+01  0.1555594000E+01  0.1555818430E+01
  0.1490000000E+01  0.1555594297E+01  0.1555818707E+01
  0.1500000000E+01  0.1555594586E+01  0.1555818974E+01
  0.1510000000E+01  0.1555594862E+01  0.1555819230E+01
  0.1520000000E+01  0.1555595123E+01  0.1555819471E+01
  0.1530000000E+01  0.1555595365E+01  0.1555819694E+01
  0.1540000000E+01  0.1555595584E+01  0.1555819895E+01
  0.1550000000E+01  0.1555595777E+01  0.1555820070E+01
  0.1560000000E+01  0.1555595938E+01  0.1555820216E+01
  0.1570000000E+01  0.1555596065E+01  0.1555820329E+01
  0.1580000000E+01  0.1555596152E+01  0.1555820404E+01
  0.1590000000E+01  0.1555596195E+01  0.1555820436E+01
  0.1600000000E+01  0.1555596188E+01  0.1555820421E+01
  0.1610000000E+01  0.1555596126E+01  0.1555820355E+01
  0.1620000000E+01  0.1555596004E+01  0.1555820231E+01
  0.1630000000E+01  0.1555595816E+01  0.1555820044E+01
  0.1640000000E+01  0.1555595557E+01  0.1555819789E+01
  0.1650000000E+01  0.1555595219E+01  0.1555819460E+01
  0.1660000000E+01  0.1555594797E+01  0.1555819051E+01
  0.1670000000E+01  0.1555594284E+01  0.1555818555E+01
  0.1680000000E+01  0.1555593673E+01  0.1555817967E+01
  0.1690000000E+01  0.1555592958E+01  0.1555817279E+01
  0.1700000000E+01  0.1555592131E+01  0.1555816484E+01
  0.1710000000E+01  0.1555591185E+01  0.1555815576E+01
  0.1720000000E+01  0.1555590114E+01  0.1555814547E+01
  0.1730000000E+01  0.1555588909E+01  0.1555813389E+01
  0.1740000000E+01  0.1555587564E+01  0.1555812096E+01
  0.1750000000E+01  0.1555586072E+01  0.1555810659E+01
  0.1760000000E+01  0.1555584426E+01  0.1555809070E+01
  0.1770000000E+01  0.1555582618E+01  0.1555807322E+01
  0.1780000000E+01  0.1555580644E+01  0.1555805407E+01
  0.1790000000E+01  0.1555578496E+01  0.1555803317E+01
  0.1800000000E+01  0.1555576170E+01  0.1555801043E+01
  0.1810000000E+01  0.1555573661E+01  0.1555798579E+01
  0.1820000000E+01  0.1555570966E+01  0.1555795917E+01
  0.1830000000E+01  0.1555568081E+01  0.1555793048E+01
  0.1840000000E+01  0.1555565006E+01  0.1555789967E+01
  0.1850000000E+01  0.1555561740E+01  0.1555786667E+01
  0.1860000000E+01  0.1555558285E+01  0.1555783141E+01
  0.1870000000E+01  0.1555554645E+01  0.1555779385E+01
  0.1880000000E+01  0.1555550825E+01  0.1555775393E+01
  0.1890000000E+01  0.1555546834E+01  0.1555771161E+01
  0.1900000000E+01  0.1555542682E+01  0.1555766687E+01
  0.1910000000E+01  0.1555538383E+01  0.1555761968E+01
  0.1920000000E+01  0.1555533955E+01  0.1555757005E+01
  0.1930000000E+01  0.1555529417E+01  0.1555751798E+01
  0.1940000000E+01  0.1555524794E+01  0.1555746348E+01
  0.1950000000E+01  0.1555520115E+01  0.1555740662E+01
  0.1960000000E+01  0.1555515414E+01  0.1555734743E+01
  0.1970000000E+01  0.1555510726E+01  0.1555728601E+01
  0.1980000000E+01  0.1555506096E+01  0.1555722246E+01
  0.1990000000E+01  0.1555501570E+01  0.1555715690E+01
  0.2000000000E+01  0.1555497201E+01  0.1555708948E+01
  0.2010000000E+01  0.1555493046E+01  0.1555702037E+01
  0.2020000000E+01  0.1555489166E+01  0.1555694979E+01
  0.2030000000E+01  0.1555485629E+01  0.1555687795E+01
  0.2040000000E+01  0.1555482505E+01  0.1555680510E+01
  0.2050000000E+01  0.1555479869E+01  0.1555673154E+01
  0.2060000000E+01  0.1555477799E+01  0.1555665757E+01
  0.2070000000E+01  0.1555476373E+01  0.1555658352E+01
  0.2080000000E+01  0.1555475672E+01  0.1555650973E+01
  0.2090000000E+01  0.1555475776E+01  0.1555643659E+01
  0.2100000000E+01  0.1555476765E+01  0.1555636448E+01
  0.2110000000E+01  0.1555478714E+01  0.1555629379E+01
  0.2120000000E+01  0.1555481691E+01  0.1555622495E+01
  0.2130000000E+01  0.1555485762E+01  0.1555615835E+01
  0.2140000000E+01  0.1555490978E+01  0.1555609439E+01
  0.2150000000E+01  0.1555497381E+01  0.1555603348E+01
  0.2160000000E+01  0.1555505000E+01  0.1555597597E+01
  0.2170000000E+01  0.1555513845E+01  0.1555592222E+01
  0.2180000000E+01  0.1555523908E+01  0.1555587252E+01
  0.2190000000E+01  0.1555535163E+01  0.1555582716E+01
  0.2200000000E+01  0.1555547556E+01  0.1555578633E+01
  0.2210000000E+01  0.1555561013E+01  0.1555575020E+01
  0.2220000000E+01  0.1555575431E+01  0.1555571884E+01
  0.2230000000E+01  0.1555590682E+01  0.1555569227E+01
  0.2240000000E+01  0.1555606610E+01  0.1555567043E+01
  0.2250000000E+01  0.1555623032E+01  0.1555565316E+01
  0.2260000000E+01  0.1555639739E+01  0.1555564023E+01
  0.2270000000E+01  0.1555656500E+01  0.1555563132E+01
  0.2280000000E+01  0.1555673059E+01  0.1555562601E+01
  0.2290000000E+01  0.1555689144E+01  0.1555562382E+01
  0.2300000000E+01  0.1555704465E+01  0.1555562417E+01
  0.2310000000E+01  0.1555718724E+01  0.1555562642E+01
  0.2320000000E+01  0.1555731617E+01  0.1555562984E+01
  0.2330000000E+01  0.1555742841E+01  0.1555563365E+01
  0.2340000000E+01  0.1555752095E+01  0.1555563704E+01
  0.2350000000E+01  0.1555759094E+01  0.1555563914E+01
  0.2360000000E+01  0.1555763568E+01  0.1555563904E+01
  0.2370000000E+01  0.1555765271E+01  0.1555563583E+01
  0.2380000000E+01  0.1555763984E+01  0.1555562857E+01
  0.2390000000E+01  0.1555759522E+01  0.1555561634E+01
  0.2400000000E+01  0.1555751739E+01  0.1555559820E+01
  0.2410000000E+01  0.1555740528E+01  0.1555557324E+01
  0.2420000000E+01  0.1555725826E+01  0.1555554058E+01
  0.2430000000E+01  0.1555707616E+01  0.1555549933E+01
  0.2440000000E+01  0.1555685928E+01  0.1555544865E+01
  0.2450000000E+01  0.1555660840E+01  0.1555538773E+01
  0.2460000000E+01  0.1555632476E+01  0.1555531580E+01
  0.2470000000E+01  0.1555601007E+01  0.1555523211E+01
  0.2480000000E+01  0.1555566650E+01  0.1555513596E+01
  0.2490000000E+01  0.1555529666E+01  0.1555502672E+01
  0.2500000000E+01  0.1555490360E+01  0.1555490377E+01
  0.2510000000E+01  0.1555449077E+01  0.1555476659E+01
  0.2520000000E+01  0.1555406205E+01  0.1555461473E+01
  0.2530000000E+01  0.1555362171E+01  0.1555444782E+01
  0.2540000000E+01  0.1555317442E+01  0.1555426561E+01
  0.2550000000E+01  0.1555272525E+01  0.1555406797E+01
  0.2560000000E+01  0.1555227966E+01  0.1555385494E+01
  0.2570000000E+01  0.1555184350E+01  0.1555362671E+01
  0.2580000000E+01  0.1555142299E+01  0.1555338370E+01
  0.2590000000E+01  0.1555102473E+01  0.1555312655E+01
  0.2600000000E+01  0.1555065564E+01  0.1555285615E+01
  0.2610000000E+01  0.1555032295E+01  0.1555257367E+01
  0.2620000000E+01  0.1555003412E+01  0.1555228058E+01
  0.2630000000E+01  0.1554979671E+01  0.1555197863E+01
  0.2640000000E+01  0.1554961834E+01  0.1555166988E+01
  0.2650000000E+01  0.1554950643E+01  0.1555135668E+01
  0.2660000000E+01  0.1554946809E+01  0.1555104166E+01
  0.2670000000E+01  0.1554950983E+01  0.1555072765E+01
  0.2680000000E+01  0.1554963730E+01  0.1555041767E+01
  0.2690000000E+01  0.1554985502E+01  0.1555011487E+01
  0.2700000000E+01  0.1555016602E+01  0.1554982240E+01
  0.2710000000E+01  0.1555057153E+01  0.1554954338E+01
  0.2720000000E+01  0.1555107063E+01  0.1554928076E+01
  0.2730000000E+01  0.1555165998E+01  0.1554903720E+01
  0.2740000000E+01  0.1555233350E+01  0.1554881503E+01
  0.2750000000E+01  0.1555308227E+01  0.1554861609E+01
  0.2760000000E+01  0.1555389432E+01  0.1554844165E+01
  0.2770000000E+01  0.1555475474E+01  0.1554829238E+01
  0.2780000000E+01  0.1555564576E+01  0.1554816822E+01
  0.2790000000E+01  0.1555654704E+01  0.1554806845E+01
  0.2800000000E+01  0.1555743613E+01  0.1554799164E+01
  0.2810000000E+01  0.1555828902E+01  0.1554793570E+01
  0.2820000000E+01  0.1555908085E+01  0.1554789795E+01
  0.2830000000E+01  0.1555978671E+01  0.1554787524E+01
  0.2840000000E+01  0.1556038254E+01  0.1554786404E+01
  0.2850000000E+01  0.1556084601E+01  0.1554786056E+01
  0.2860000000E+01  0.1556115742E+01  0.1554786096E+01
  0.2870000000E+01  0.1556130053E+01  0.1554786138E+01
  0.2880000000E+01  0.1556126326E+01  0.1554785815E+01
  0.2890000000E+01  0.1556103827E+01  0.1554784784E+01
  0.2900000000E+01  0.1556062333E+01  0.1554782734E+01
  0.2910000000E+01  0.1556002147E+01  0.1554779392E+01
  0.2920000000E+01  0.1555924101E+01  0.1554774526E+01
  0.2930000000E+01  0.1555829529E+01  0.1554767937E+01
  0.2940000000E+01  0.1555720225E+01  0.1554759464E+01
  0.2950000000E+01  0.1555598397E+01  0.1554748977E+01
  0.2960000000E+01  0.1555466590E+01  0.1554736369E+01
  0.2970000000E+01  0.1555327626E+01  0.1554721557E+01
  0.2980000000E+01  0.1555184525E+01  0.1554704475E+01
  0.2990000000E+01  0.1555040431E+01  0.1554685078E+01
  0.3000000000E+01  0.1554898551E+01  0.1554663340E+01
  0.3010000000E+01  0.1554762089E+01  0.1554639261E+01
  0.3020000000E+01  0.1554634189E+01  0.1554612873E+01
  0.3030000000E+01  0.1554517893E+01  0.1554584247E+01
  0.3040000000E+01  0.1554416088E+01  0.1554553507E+01
  0.3050000000E+01  0.1554331466E+01  0.1554520834E+01
  0.3060000000E+01  0.1554266480E+01  0.1554486476E+01
  0.3070000000E+01  0.1554223297E+01  0.1554450755E+01
  0.3080000000E+01  0.1554203740E+01  0.1554414061E+01
  0.3090000000E+01  0.1554209230E+01  0.1554376854E+01
  0.3100000000E+01  0.1554240715E+01  0.1554339653E+01
  0.3110000000E+01  0.1554298594E+01  0.1554303018E+01
  0.3120000000E+01  0.1554382641E+01  0.1554267529E+01
  0.3130000000E+01  0.1554491926E+01  0.1554233764E+01
  0.3140000000E+01  0.1554624752E+01  0.1554202267E+01
  0.3150000000E+01  0.1554778607E+01  0.1554173519E+01
  0.3160000000E+01  0.1554950141E+01  0.1554147911E+01
  0.3170000000E+01  0.1555135183E+01  0.1554125718E+01
  0.3180000000E+01  0.1555328798E+01  0.1554107080E+01
  0.3190000000E+01  0.1555525390E+01  0.1554091997E+01
  0.3200000000E+01  0.1555718862E+01  0.1554080319E+01
  0.3210000000E+01  0.1555902816E+01  0.1554071766E+01
  0.3220000000E+01  0.1556070797E+01  0.1554065939E+01
  0.3230000000E+01  0.1556216567E+01  0.1554062354E+01
  0.3240000000E+01  0.1556334387E+01  0.1554060473E+01
  0.3250000000E+01  0.1556419299E+01  0.1554059740E+01
  0.3260000000E+01  0.1556467382E+01  0.1554059617E+01
  0.3270000000E+01  0.1556475963E+01  0.1554059619E+01
  0.3280000000E+01  0.1556443773E+01  0.1554059331E+01
  0.3290000000E+01  0.1556371024E+01  0.1554058431E+01
  0.3300000000E+01  0.1556259421E+01  0.1554056688E+01
  0.3310000000E+01  0.1556112085E+01  0.1554053961E+01
  0.3320000000E+01  0.1555933419E+01  0.1554050179E+01
  0.3330000000E+01  0.1555728908E+01  0.1554045326E+01
  0.3340000000E+01  0.1555504881E+01  0.1554039415E+01
  0.3350000000E+01  0.1555268252E+01  0.1554032467E+01
  0.3360000000E+01  0.1555026253E+01  0.1554024491E+01
  0.3370000000E+01  0.1554786179E+01  0.1554015472E+01
  0.3380000000E+01  0.1554555153E+01  0.1554005370E+01
  0.3390000000E+01  0.1554339931E+01  0.1553994123E+01
  0.3400000000E+01  0.1554146734E+01  0.1553981659E+01
  0.3410000000E+01  0.1553981115E+01  0.1553967918E+01
  0.3420000000E+01  0.1553847861E+01  0.1553952868E+01
  0.3430000000E+01  0.1553750915E+01  0.1553936537E+01
  0.3440000000E+01  0.1553693305E+01  0.1553919020E+01
  0.3450000000E+01  0.1553677099E+01  0.1553900502E+01
  0.3460000000E+01  0.1553703341E+01  0.1553881255E+01
  0.3470000000E+01  0.1553772001E+01  0.1553861635E+01
  0.3480000000E+01  0.1553881923E+01  0.1553842064E+01
  0.3490000000E+01  0.1554030773E+01  0.1553823006E+01
  0.3500000000E+01  0.1554215011E+01  0.1553804933E+01
  0.3510000000E+01  0.1554429884E+01  0.1553788285E+01
  0.3520000000E+01  0.1554669459E+01  0.1553773439E+01
  0.3530000000E+01  0.1554926710E+01  0.1553760670E+01
  0.3540000000E+01  0.1555193669E+01  0.1553750134E+01
  0.3550000000E+01  0.1555461640E+01  0.1553741846E+01
  0.3560000000E+01  0.1555721486E+01  0.1553735691E+01
  0.3570000000E+01  0.1555963975E+01  0.1553731433E+01
  0.3580000000E+01  0.1556180168E+01  0.1553728747E+01
  0.3590000000E+01  0.1556361835E+01  0.1553727254E+01
  0.3600000000E+01  0.1556501861E+01  0.1553726570E+01
  0.3610000000E+01  0.1556594616E+01  0.1553726349E+01
  0.3620000000E+01  0.1556636266E+01  0.1553726319E+01
  0.3630000000E+01  0.1556624987E+01  0.1553726318E+01
  0.3640000000E+01  0.1556561069E+01  0.1553726300E+01
  0.3650000000E+01  0.1556446904E+01  0.1553726343E+01
  0.3660000000E+01  0.1556286857E+01  0.1553726629E+01
  0.3670000000E+01  0.1556087027E+01  0.1553727415E+01
  0.3680000000E+01  0.1555854927E+01  0.1553728994E+01
  0.3690000000E+01  0.1555599102E+01  0.1553731654E+01
  0.3700000000E+01  0.1555328723E+01  0.1553735635E+01
  0.3710000000E+01  0.1555053178E+01  0.1553741096E+01
  0.3720000000E+01  0.1554781694E+01  0.1553748092E+01
  0.3730000000E+01  0.1554523004E+01  0.1553756559E+01
  0.3740000000E+01  0.1554285080E+01  0.1553766324E+01
  0.3750000000E+01  0.1554074923E+01  0.1553777118E+01
  0.3760000000E+01  0.1553898426E+01  0.1553788600E+01
  0.3770000000E+01  0.1553760289E+01  0.1553800399E+01
  0.3780000000E+01  0.1553663981E+01  0.1553812141E+01
  0.3790000000E+01  0.1553611738E+01  0.1553823487E+01
  0.3800000000E+01  0.1553604576E+01  0.1553834163E+01
  0.3810000000E+01  0.1553642316E+01  0.1553843975E+01
  0.3820000000E+01  0.1553723622E+01  0.1553852821E+01
  0.3830000000E+01  0.1553846029E+01  0.1553860685E+01
  0.3840000000E+01  0.1554005981E+01  0.1553867625E+01
  0.3850000000E+01  0.1554198877E+01  0.1553873754E+01
  0.3860000000E+01  0.1554419139E+01  0.1553879211E+01
  0.3870000000E+01  0.1554660298E+01  0.1553884136E+01
  0.3880000000E+01  0.1554915129E+01  0.1553888643E+01
  0.3890000000E+01  0.1555175819E+01  0.1553892805E+01
  0.3900000000E+01  0.1555434186E+01  0.1553896643E+01
  0.3910000000E+01  0.1555681943E+01  0.1553900126E+01
  0.3920000000E+01  0.1555910996E+01  0.1553903186E+01
  0.3930000000E+01  0.1556113766E+01  0.1553905735E+01
  0.3940000000E+01  0.1556283513E+01  0.1553907695E+01
  0.3950000000E+01  0.1556414641E+01  0.1553909028E+01
  0.3960000000E+01  0.1556502966E+01  0.1553909765E+01
  0.3970000000E+01  0.1556545915E+01  0.1553910025E+01
  0.3980000000E+01  0.1556542648E+01  0.1553910036E+01
  0.3990000000E+01  0.1556494090E+01  0.1553910127E+01
  0.4000000000E+01  0.1556402866E+01  0.1553910726E+01
  0.4010000000E+01  0.1556273142E+01  0.1553912330E+01
  0.4020000000E+01  0.1556110397E+01  0.1553915473E+01
  0.4030000000E+01  0.1555921129E+01  0.1553920690E+01
  0.4040000000E+01  0.1555712524E+01  0.1553928469E+01
  0.4050000000E+01  0.1555492117E+01  0.1553939217E+01
  0.4060000000E+01  0.1555267458E+01  0.1553953223E+01
  0.4070000000E+01  0.1555045814E+01  0.1553970635E+01
  0.4080000000E+01  0.1554833912E+01  0.1553991448E+01
  0.4090000000E+01  0.1554637743E+01  0.1554015503E+01
  0.4100000000E+01  0.1554462420E+01  0.1554042500E+01
  0.4110000000E+01  0.1554312096E+01  0.1554072019E+01
  0.4120000000E+01  0.1554189937E+01  0.1554103548E+01
  0.4130000000E+01  0.1554098132E+01  0.1554136516E+01
  0.4140000000E+01  0.1554037939E+01  0.1554170330E+01
  0.4150000000E+01  0.1554009749E+01  0.1554204402E+01
  0.4160000000E+01  0.1554013167E+01  0.1554238182E+01
  0.4170000000E+01  0.1554047089E+01  0.1554271177E+01
  0.4180000000E+01  0.1554109781E+01  0.1554302969E+01
  0.4190000000E+01  0.1554198952E+01  0.1554333217E+01
  0.4200000000E+01  0.1554311818E+01  0.1554361662E+01
  0.4210000000E+01  0.1554445164E+01  0.1554388120E+01
  0.4220000000E+01  0.1554595400E+01  0.1554412473E+01
  0.4230000000E+01  0.1554758623E+01  0.1554434655E+01
  0.4240000000E+01  0.1554930681E+01  0.1554454640E+01
  0.4250000000E+01  0.1555107245E+01  0.1554472434E+01
  0.4260000000E+01  0.1555283902E+01  0.1554488059E+01
  0.4270000000E+01  0.1555456249E+01  0.1554501554E+01
  0.4280000000E+01  0.1555620003E+01  0.1554512971E+01
  0.4290000000E+01  0.1555771123E+01  0.1554522376E+01
  0.4300000000E+01  0.1555905930E+01  0.1554529859E+01
  0.4310000000E+01  0.1556021229E+01  0.1554535538E+01
  0.4320000000E+01  0.1556114414E+01  0.1554539572E+01
  0.4330000000E+01  0.1556183567E+01  0.1554542166E+01
  0.4340000000E+01  0.1556227516E+01  0.1554543579E+01
  0.4350000000E+01  0.1556245882E+01  0.1554544127E+01
  0.4360000000E+01  0.1556239078E+01  0.1554544178E+01
  0.4370000000E+01  0.1556208276E+01  0.1554544148E+01
  0.4380000000E+01  0.1556155349E+01  0.1554544489E+01
  0.4390000000E+01  0.1556082775E+01  0.1554545672E+01
  0.4400000000E+01  0.1555993517E+01  0.1554548168E+01
  0.4410000000E+01  0.1555890894E+01  0.1554552427E+01
  0.4420000000E+01  0.1555778436E+01  0.1554558860E+01
  0.4430000000E+01  0.1555659746E+01  0.1554567818E+01
  0.4440000000E+01  0.1555538362E+01  0.1554579575E+01
  0.4450000000E+01  0.1555417643E+01  0.1554594317E+01
  0.4460000000E+01  0.1555300664E+01  0.1554612134E+01
  0.4470000000E+01  0.1555190146E+01  0.1554633020E+01
  0.4480000000E+01  0.1555088397E+01  0.1554656872E+01
  0.4490000000E+01  0.1554997285E+01  0.1554683501E+01
  0.4500000000E+01  0.1554918231E+01  0.1554712638E+01
  0.4510000000E+01  0.1554852219E+01  0.1554743955E+01
  0.4520000000E+01  0.1554799822E+01  0.1554777074E+01
  0.4530000000E+01  0.1554761241E+01  0.1554811586E+01
  0.4540000000E+01  0.1554736349E+01  0.1554847069E+01
  0.4550000000E+01  0.1554724740E+01  0.1554883098E+01
  0.4560000000E+01  0.1554725778E+01  0.1554919264E+01
  0.4570000000E+01  0.1554738642E+01  0.1554955178E+01
  0.4580000000E+01  0.1554762375E+01  0.1554990489E+01
  0.4590000000E+01  0.1554795916E+01  0.1555024881E+01
  0.4600000000E+01  0.1554838136E+01  0.1555058082E+01
  0.4610000000E+01  0.1554887866E+01  0.1555089864E+01
  0.4620000000E+01  0.1554943917E+01  0.1555120042E+01
  0.4630000000E+01  0.1555005096E+01  0.1555148475E+01
  0.4640000000E+01  0.1555070223E+01  0.1555175059E+01
  0.4650000000E+01  0.1555138137E+01  0.1555199724E+01
  0.4660000000E+01  0.1555207708E+01  0.1555222433E+01
  0.4670000000E+01  0.1555277844E+01  0.1555243174E+01
  0.4680000000E+01  0.1555347496E+01  0.1555261958E+01
  0.4690000000E+01  0.1555415666E+01  0.1555278816E+01
  0.4700000000E+01  0.1555481418E+01  0.1555293795E+01
  0.4710000000E+01  0.1555543882E+01  0.1555306954E+01
  0.4720000000E+01  0.1555602265E+01  0.1555318366E+01
  0.4730000000E+01  0.1555655861E+01  0.1555328115E+01
  0.4740000000E+01  0.1555704060E+01  0.1555336294E+01
  0.4750000000E+01  0.1555746357E+01  0.1555343009E+01
  0.4760000000E+01  0.1555782360E+01  0.1555348372E+01
  0.4770000000E+01  0.1555811794E+01  0.1555352509E+01
  0.4780000000E+01  0.1555834508E+01  0.1555355554E+01
  0.4790000000E+01  0.1555850475E+01  0.1555357651E+01
  0.4800000000E+01  0.1555859791E+01  0.1555358952E+01
  0.4810000000E+01  0.1555862670E+01  0.1555359617E+01
  0.4820000000E+01  0.1555859434E+01  0.1555359811E+01
  0.4830000000E+01  0.1555850509E+01  0.1555359703E+01
  0.4840000000E+01  0.1555836405E+01  0.1555359464E+01
  0.4850000000E+01  0.1555817705E+01  0.1555359261E+01
  0.4860000000E+01  0.1555795047E+01  0.1555359257E+01
  0.4870000000E+01  0.1555769106E+01  0.1555359607E+01
  0.4880000000E+01  0.1555740578E+01  0.1555360456E+01
  0.4890000000E+01  0.1555710160E+01  0.1555361934E+01
  0.4900000000E+01  0.1555678537E+01  0.1555364154E+01
  0.4910000000E+01  0.1555646365E+01  0.1555367213E+01
  0.4920000000E+01  0.1555614257E+01  0.1555371186E+01
  0.4930000000E+01  0.1555582774E+01  0.1555376129E+01
  0.4940000000E+01  0.1555552416E+01  0.1555382077E+01
  0.4950000000E+01  0.1555523618E+01  0.1555389043E+01
  0.4960000000E+01  0.1555496743E+01  0.1555397022E+01
  0.4970000000E+01  0.1555472083E+01  0.1555405989E+01
  0.4980000000E+01  0.1555449861E+01  0.1555415902E+01
  0.4990000000E+01  0.1555430229E+01  0.1555426705E+01
  0.5000000000E+01  0.1555413278E+01  0.1555438328E+01
  0.5010000000E+01  0.1555399042E+01  0.1555450691E+01
  0.5020000000E+01  0.1555387499E+01  0.1555463705E+01
  0.5030000000E+01  0.1555378586E+01  0.1555477278E+01
  0.5040000000E+01  0.1555372199E+01  0.1555491310E+01
  0.5050000000E+01  0.1555368204E+01  0.1555505704E+01
  0.5060000000E+01  0.1555366441E+01  0.1555520360E+01
  0.5070000000E+01  0.1555366733E+01  0.1555535182E+01
  0.5080000000E+01  0.1555368893E+01  0.1555550078E+01
  0.5090000000E+01  0.1555372723E+01  0.1555564960E+01
  0.5100000000E+01  0.1555378025E+01  0.1555579745E+01
  0.5110000000E+01  0.1555384603E+01  0.1555594358E+01
  0.5120000000E+01  0.1555392265E+01  0.1555608730E+01
  0.5130000000E+01  0.1555400828E+01  0.1555622800E+01
  0.5140000000E+01  0.1555410119E+01  0.1555636514E+01
  0.5150000000E+01  0.1555419974E+01  0.1555649825E+01
  0.5160000000E+01  0.1555430245E+01  0.1555662694E+01
  0.5170000000E+01  0.1555440794E+01  0.1555675088E+01
  0.5180000000E+01  0.1555451499E+01  0.1555686982E+01
  0.5190000000E+01  0.1555462247E+01  0.1555698355E+01
  0.5200000000E+01  0.1555472944E+01  0.1555709194E+01
  0.5210000000E+01  0.1555483503E+01  0.1555719490E+01
  0.5220000000E+01  0.1555493851E+01  0.1555729238E+01
  0.5230000000E+01  0.1555503927E+01  0.1555738439E+01
  0.5240000000E+01  0.1555513679E+01  0.1555747096E+01
  0.5250000000E+01  0.1555523064E+01  0.1555755216E+01
  0.5260000000E+01  0.1555532048E+01  0.1555762808E+01
  0.5270000000E+01  0.1555540605E+01  0.1555769885E+01
  0.5280000000E+01  0.1555548716E+01  0.1555776461E+01
  0.5290000000E+01  0.1555556367E+01  0.1555782550E+01
  0.5300000000E+01  0.1555563550E+01  0.1555788170E+01
  0.5310000000E+01  0.1555570262E+01  0.1555793338E+01
  0.5320000000E+01  0.1555576503E+01  0.1555798074E+01
  0.5330000000E+01  0.1555582277E+01  0.1555802395E+01
  0.5340000000E+01  0.1555587591E+01  0.1555806322E+01
  0.5350000000E+01  0.1555592455E+01  0.1555809873E+01
  0.5360000000E+01  0.1555596880E+01  0.1555813069E+01
  0.5370000000E+01  0.1555600878E+01  0.1555815927E+01
  0.5380000000E+01  0.1555604465E+01  0.1555818468E+01
  0.5390000000E+01  0.1555607655E+01  0.1555820710E+01
  0.5400000000E+01  0.1555610465E+01  0.1555822671E+01
  0.5410000000E+01  0.1555612912E+01  0.1555824369E+01
  0.5420000000E+01  0.1555615014E+01  0.1555825821E+01
  0.5430000000E+01  0.1555616786E+01  0.1555827045E+01
  0.5440000000E+01  0.1555618249E+01  0.1555828056E+01
  0.5450000000E+01  0.1555619418E+01  0.1555828870E+01
  0.5460000000E+01  0.1555620312E+01  0.1555829502E+01
  0.5470000000E+01  0.1555620949E+01  0.1555829966E+01
  0.5480000000E+01  0.1555621345E+01  0.1555830277E+01
  0.5490000000E+01  0.1555621518E+01  0.1555830447E+01
  0.5500000000E+01  0.1555621485E+01  0.1555830490E+01
  0.5510000000E+01  0.1555621262E+01  0.1555830417E+01
  0.5520000000E+01  0.1555620865E+01  0.1555830240E+01
  0.5530000000E+01  0.1555620309E+01  0.1555829971E+01
  0.5540000000E+01  0.1555619610E+01  0.1555829618E+01
  0.5550000000E+01  0.1555618782E+01  0.1555829192E+01
  0.5560000000E+01  0.1555617839E+01  0.1555828703E+01
  0.5570000000E+01  0.1555616795E+01  0.1555828160E+01
  0.5580000000E+01  0.1555615662E+01  0.1555827570E+01
  0.5590000000E+01  0.1555614453E+01  0.1555826941E+01
  0.5600000000E+01  0.1555613181E+01  0.1555826281E+01
  0.5610000000E+01  0.1555611855E+01  0.1555825597E+01
  0.5620000000E+01  0.1555610487E+01  0.1555824895E+01
  0.5630000000E+01  0.1555609087E+01  0.1555824181E+01
  0.5640000000E+01  0.1555607665E+01  0.1555823460E+01
  0.5650000000E+01  0.1555606229E+01  0.1555822738E+01
  0.5660000000E+01  0.1555604787E+01  0.1555822019E+01
  0.5670000000E+01  0.1555603348E+01  0.1555821308E+01
  0.5680000000E+01  0.1555601918E+01  0.1555820608E+01
  0.5690000000E+01  0.1555600504E+01  0.1555819924E+01
  0.5700000000E+01  0.1555599112E+01  0.1555819258E+01
  0.5710000000E+01  0.1555597748E+01  0.1555818613E+01
  0.5720000000E+01  0.1555596416E+01  0.1555817993E+01
  0.5730000000E+01  0.1555595121E+01  0.1555817399E+01
  0.5740000000E+01  0.1555593867E+01  0.1555816833E+01
  0.5750000000E+01  0.1555592657E+01  0.1555816297E+01
  0.5760000000E+01  0.1555591495E+01  0.1555815792E+01
  0.5770000000E+01  0.1555590383E+01  0.1555815321E+01
  0.5780000000E+01  0.1555589322E+01  0.1555814883E+01
  0.5790000000E+01  0.1555588316E+01  0.1555814479E+01
  0.5800000000E+01  0.1555587364E+01  0.1555814111E+01
  0.5810000000E+01  0.1555586469E+01  0.1555813778E+01
  0.5820000000E+01  0.1555585630E+01  0.1555813481E+01
  0.5830000000E+01  0.1555584849E+01  0.1555813219E+01
  0.5840000000E+01  0.1555584125E+01  0.1555812993E+01
  0.5850000000E+01  0.1555583458E+01  0.1555812803E+01
  0.5860000000E+01  0.1555582848E+01  0.1555812647E+01
  0.5870000000E+01  0.1555582294E+01  0.1555812525E+01
  0.5880000000E+01  0.1555581795E+01  0.1555812437E+01
  0.5890000000E+01  0.1555581349E+01  0.1555812382E+01
  0.5900000000E+01  0.1555580957E+01  0.1555812359E+01
  0.5910000000E+01  0.1555580616E+01  0.1555812367E+01
  0.5920000000E+01  0.1555580325E+01  0.1555812405E+01
  0.5930000000E+01  0.1555580081E+01  0.1555812472E+01
  0.5940000000E+01  0.1555579884E+01  0.1555812566E+01
  0.5950000000E+01  0.1555579732E+01  0.1555812687E+01
  0.5960000000E+01  0.1555579622E+01  0.1555812834E+01
  0.5970000000E+01  0.1555579552E+01  0.1555813003E+01
  0.5980000000E+01  0.1555579521E+01  0.1555813196E+01
  0.5990000000E+01  0.1555579525E+01  0.1555813409E+01
  0.6000000000E+01  0.1555579564E+01  0.1555813641E+01
  0.6010000000E+01  0.1555579634E+01  0.1555813891E+01
  0.6020000000E+01  0.1555579733E+01  0.1555814158E+01
  0.6030000000E+01  0.1555579859E+01  0.1555814439E+01
  0.6040000000E+01  0.1555580009E+01  0.1555814733E+01
  0.6050000000E+01  0.1555580182E+01  0.1555815038E+01
  0.6060000000E+01  0.1555580375E+01  0.1555815353E+01
  0.6070000000E+01  0.1555580584E+01  0.1555815676E+01
  0.6080000000E+01  0.1555580809E+01  0.1555816005E+01
  0.6090000000E+01  0.1555581047E+01  0.1555816338E+01
  0.6100000000E+01  0.1555581294E+01  0.1555816674E+01
  0.6110000000E+01  0.1555581550E+01  0.1555817011E+01
  0.6120000000E+01  0.1555581810E+01  0.1555817346E+01
  0.6130000000E+01  0.1555582074E+01  0.1555817679E+01
  0.6140000000E+01  0.1555582338E+01  0.1555818007E+01
  0.6150000000E+01  0.1555582600E+01  0.1555818328E+01
  0.6160000000E+01  0.1555582857E+01  0.1555818641E+01
  0.6170000000E+01  0.1555583108E+01  0.1555818943E+01
  0.6180000000E+01  0.1555583350E+01  0.1555819233E+01
  0.6190000000E+01  0.1555583580E+01  0.1555819508E+01
  0.6200000000E+01  0.1555583796E+01  0.1555819767E+01
  0.6210000000E+01  0.1555583995E+01  0.1555820008E+01
  0.6220000000E+01  0.1555584176E+01  0.1555820228E+01
  0.6230000000E+01  0.1555584335E+01  0.1555820425E+01
  0.6240000000E+01  0.1555584470E+01  0.1555820598E+01
  0.6250000000E+01  0.1555584579E+01  0.1555820744E+01
  0.6260000000E+01  0.1555584659E+01  0.1555820861E+01
  0.6270000000E+01  0.1555584708E+01  0.1555820946E+01
  0.6280000000E+01  0.1555584723E+01  0.1555820999E+01
  0.6290000000E+01  0.1555584701E+01  0.1555821016E+01
  0.6300000000E+01  0.1555584641E+01  0.1555820995E+01
  0.6310000000E+01  0.1555584539E+01  0.1555820933E+01
  0.6320000000E+01  0.1555584393E+01  0.1555820830E+01
  0.6330000000E+01  0.1555584200E+01  0.1555820681E+01
  0.6340000000E+01  0.1555583958E+01  0.1555820486E+01
  0.6350000000E+01  0.1555583663E+01  0.1555820241E+01
  0.6360000000E+01  0.1555583315E+01  0.1555819944E+01
  0.6370000000E+01  0.1555582909E+01  0.1555819592E+01
  0.6380000000E+01  0.1555582443E+01  0.1555819184E+01
  0.6390000000E+01  0.1555581915E+01  0.1555818716E+01
  0.6400000000E+01  0.1555581322E+01  0.1555818187E+01
  0.6410000000E+01  0.1555580662E+01  0.1555817593E+01
  0.6420000000E+01  0.1555579932E+01  0.1555816932E+01
  0.6430000000E+01  0.1555579129E+01  0.1555816201E+01
  0.6440000000E+01  0.1555578252E+01  0.1555815399E+01
  0.6450000000E+01  0.1555577298E+01  0.1555814522E+01
  0.6460000000E+01  0.1555576265E+01  0.1555813569E+01
  0.6470000000E+01  0.1555575151E+01  0.1555812536E+01
  0.6480000000E+01  0.1555573955E+01  0.1555811421E+01
  0.6490000000E+01  0.1555572674E+01  0.1555810223E+01
  0.6500000000E+01  0.1555571308E+01  0.1555808938E+01
  0.6510000000E+01  0.1555569856E+01  0.1555807564E+01
  0.6520000000E+01  0.1555568317E+01  0.1555806100E+01
  0.6530000000E+01  0.1555566690E+01  0.1555804543E+01
  0.6540000000E+01  0.1555564975E+01  0.1555802891E+01
  0.6550000000E+01  0.1555563174E+01  0.1555801143E+01
  0.6560000000E+01  0.1555561288E+01  0.1555799297E+01
  0.6570000000E+01  0.1555559317E+01  0.1555797352E+01
  0.6580000000E+01  0.1555557265E+01  0.1555795307E+01
  0.6590000000E+01  0.1555555135E+01  0.1555793161E+01
  0.6600000000E+01  0.1555552930E+01  0.1555790913E+01
  0.6610000000E+01  0.1555550655E+01  0.1555788563E+01
  0.6620000000E+01  0.1555548316E+01  0.1555786111E+01
  0.6630000000E+01  0.1555545920E+01  0.1555783557E+01
  0.6640000000E+01  0.1555543475E+01  0.1555780903E+01
  0.6650000000E+01  0.1555540988E+01  0.1555778149E+01
  0.6660000000E+01  0.1555538472E+01  0.1555775297E+01
  0.6670000000E+01  0.1555535936E+01  0.1555772351E+01
  0.6680000000E+01  0.1555533395E+01  0.1555769311E+01
  0.6690000000E+01  0.1555530861E+01  0.1555766183E+01
  0.6700000000E+01  0.1555528352E+01  0.1555762969E+01
  0.6710000000E+01  0.1555525883E+01  0.1555759674E+01
  0.6720000000E+01  0.1555523475E+01  0.1555756305E+01
  0.6730000000E+01  0.1555521146E+01  0.1555752866E+01
  0.6740000000E+01  0.1555518919E+01  0.1555749364E+01
  0.6750000000E+01  0.1555516816E+01  0.1555745808E+01
  0.6760000000E+01  0.1555514862E+01  0.1555742204E+01
  0.6770000000E+01  0.1555513083E+01  0.1555738562E+01
  0.6780000000E+01  0.1555511504E+01  0.1555734891E+01
  0.6790000000E+01  0.1555510154E+01  0.1555731201E+01
  0.6800000000E+01  0.1555509061E+01  0.1555727504E+01
  0.6810000000E+01  0.1555508253E+01  0.1555723810E+01
  0.6820000000E+01  0.1555507759E+01  0.1555720132E+01
  0.6830000000E+01  0.1555507607E+01  0.1555716482E+01
  0.6840000000E+01  0.1555507827E+01  0.1555712872E+01
  0.6850000000E+01  0.1555508443E+01  0.1555709317E+01
  0.6860000000E+01  0.1555509483E+01  0.1555705828E+01
  0.6870000000E+01  0.1555510969E+01  0.1555702420E+01
  0.6880000000E+01  0.1555512922E+01  0.1555699106E+01
  0.6890000000E+01  0.1555515361E+01  0.1555695898E+01
  0.6900000000E+01  0.1555518299E+01  0.1555692809E+01
  0.6910000000E+01  0.1555521747E+01  0.1555689852E+01
  0.6920000000E+01  0.1555525711E+01  0.1555687037E+01
  0.6930000000E+01  0.1555530190E+01  0.1555684374E+01
  0.6940000000E+01  0.1555535179E+01  0.1555681874E+01
  0.6950000000E+01  0.1555540667E+01  0.1555679543E+01
  0.6960000000E+01  0.1555546634E+01  0.1555677390E+01
  0.6970000000E+01  0.1555553057E+01  0.1555675418E+01
  0.6980000000E+01  0.1555559903E+01  0.1555673631E+01
  0.6990000000E+01  0.1555567132E+01  0.1555672030E+01
  0.7000000000E+01  0.1555574697E+01  0.1555670616E+01
  0.7010000000E+01  0.1555582547E+01  0.1555669386E+01
  0.7020000000E+01  0.1555590619E+01  0.1555668336E+01
  0.7030000000E+01  0.1555598848E+01  0.1555667460E+01
  0.7040000000E+01  0.1555607162E+01  0.1555666751E+01
  0.7050000000E+01  0.1555615485E+01  0.1555666197E+01
  0.7060000000E+01  0.1555623735E+01  0.1555665790E+01
  0.7070000000E+01  0.1555631829E+01  0.1555665515E+01
  0.7080000000E+01  0.1555639683E+01  0.1555665360E+01
  0.7090000000E+01  0.1555647210E+01  0.1555665309E+01
  0.7100000000E+01  0.1555654328E+01  0.1555665347E+01
  0.7110000000E+01  0.1555660952E+01  0.1555665458E+01
  0.7120000000E+01  0.1555667007E+01  0.1555665628E+01
  0.7130000000E+01  0.1555672417E+01  0.1555665840E+01
  0.7140000000E+01  0.1555677117E+01  0.1555666080E+01
  0.7150000000E+01  0.1555681048E+01  0.1555666333E+01
  0.7160000000E+01  0.1555684160E+01  0.1555666589E+01
  0.7170000000E+01  0.1555686413E+01  0.1555666835E+01
  0.7180000000E+01  0.1555687777E+01  0.1555667062E+01
  0.7190000000E+01  0.1555688234E+01  0.1555667264E+01
  0.7200000000E+01  0.1555687777E+01  0.1555667435E+01
  0.7210000000E+01  0.1555686410E+01  0.1555667572E+01
  0.7220000000E+01  0.1555684151E+01  0.1555667675E+01
  0.7230000000E+01  0.1555681027E+01  0.1555667745E+01
  0.7240000000E+01  0.1555677077E+01  0.1555667787E+01
  0.7250000000E+01  0.1555672348E+01  0.1555667807E+01
  0.7260000000E+01  0.1555666899E+01  0.1555667811E+01
  0.7270000000E+01  0.1555660794E+01  0.1555667811E+01
  0.7280000000E+01  0.1555654105E+01  0.1555667817E+01
  0.7290000000E+01  0.1555646910E+01  0.1555667841E+01
  0.7300000000E+01  0.1555639290E+01  0.1555667896E+01
  0.7310000000E+01  0.1555631328E+01  0.1555667996E+01
  0.7320000000E+01  0.1555623110E+01  0.1555668155E+01
  0.7330000000E+01  0.1555614721E+01  0.1555668386E+01
  0.7340000000E+01  0.1555606244E+01  0.1555668702E+01
  0.7350000000E+01  0.1555597759E+01  0.1555669116E+01
  0.7360000000E+01  0.1555589342E+01  0.1555669640E+01
  0.7370000000E+01  0.1555581067E+01  0.1555670283E+01
  0.7380000000E+01  0.1555573000E+01  0.1555671054E+01
  0.7390000000E+01  0.1555565200E+01  0.1555671961E+01
  0.7400000000E+01  0.1555557722E+01  0.1555673009E+01
  0.7410000000E+01  0.1555550612E+01  0.1555674202E+01
  0.7420000000E+01  0.1555543910E+01  0.1555675541E+01
  0.7430000000E+01  0.1555537647E+01  0.1555677026E+01
  0.7440000000E+01  0.1555531848E+01  0.1555678656E+01
  0.7450000000E+01  0.1555526532E+01  0.1555680426E+01
  0.7460000000E+01  0.1555521709E+01  0.1555682331E+01
  0.7470000000E+01  0.1555517384E+01  0.1555684365E+01
  0.7480000000E+01  0.1555513556E+01  0.1555686519E+01
  0.7490000000E+01  0.1555510219E+01  0.1555688782E+01
  0.7500000000E+01  0.1555507362E+01  0.1555691144E+01
  0.7510000000E+01  0.1555504968E+01  0.1555693594E+01
  0.7520000000E+01  0.1555503018E+01  0.1555696118E+01
  0.7530000000E+01  0.1555501491E+01  0.1555698703E+01
  0.7540000000E+01  0.1555500360E+01  0.1555701335E+01
  0.7550000000E+01  0.1555499598E+01  0.1555704000E+01
  0.7560000000E+01  0.1555499178E+01  0.1555706684E+01
  0.7570000000E+01  0.1555499070E+01  0.1555709372E+01
  0.7580000000E+01  0.1555499242E+01  0.1555712051E+01
  0.7590000000E+01  0.1555499664E+01  0.1555714705E+01
  0.7600000000E+01  0.1555500307E+01  0.1555717322E+01
  0.7610000000E+01  0.1555501139E+01  0.1555719888E+01
  0.7620000000E+01  0.1555502133E+01  0.1555722390E+01
  0.7630000000E+01  0.1555503259E+01  0.1555724817E+01
  0.7640000000E+01  0.1555504491E+01  0.1555727156E+01
  0.7650000000E+01  0.1555505803E+01  0.1555729397E+01
  0.7660000000E+01  0.1555507170E+01  0.1555731529E+01
  0.7670000000E+01  0.1555508570E+01  0.1555733544E+01
  0.7680000000E+01  0.1555509983E+01  0.1555735432E+01
  0.7690000000E+01  0.1555511388E+01  0.1555737186E+01
  0.7700000000E+01  0.1555512769E+01  0.1555738798E+01
  0.7710000000E+01  0.1555514109E+01  0.1555740262E+01
  0.7720000000E+01  0.1555515394E+01  0.1555741574E+01
  0.7730000000E+01  0.1555516613E+01  0.1555742727E+01
  0.7740000000E+01  0.1555517755E+01  0.1555743718E+01
  0.7750000000E+01  0.1555518811E+01  0.1555744544E+01
  0.7760000000E+01  0.1555519774E+01  0.1555745203E+01
  0.7770000000E+01  0.1555520639E+01  0.1555745693E+01
  0.7780000000E+01  0.1555521401E+01  0.1555746012E+01
  0.7790000000E+01  0.1555522059E+01  0.1555746161E+01
  0.7800000000E+01  0.1555522612E+01  0.1555746141E+01
  0.7810000000E+01  0.1555523060E+01  0.1555745952E+01
  0.7820000000E+01  0.1555523406E+01  0.1555745597E+01
  0.7830000000E+01  0.1555523654E+01  0.1555745079E+01
  0.7840000000E+01  0.1555523809E+01  0.1555744400E+01
  0.7850000000E+01  0.1555523877E+01  0.1555743566E+01
  0.7860000000E+01  0.1555523867E+01  0.1555742580E+01
  0.7870000000E+01  0.1555523786E+01  0.1555741450E+01
  0.7880000000E+01  0.1555523646E+01  0.1555740180E+01
  0.7890000000E+01  0.1555523459E+01  0.1555738778E+01
  0.7900000000E+01  0.1555523237E+01  0.1555737251E+01
  0.7910000000E+01  0.1555522994E+01  0.1555735609E+01
  0.7920000000E+01  0.1555522746E+01  0.1555733860E+01
  0.7930000000E+01  0.1555522507E+01  0.1555732013E+01
  0.7940000000E+01  0.1555522296E+01  0.1555730079E+01
  0.7950000000E+01  0.1555522131E+01  0.1555728068E+01
  0.7960000000E+01  0.1555522028E+01  0.1555725992E+01
  0.7970000000E+01  0.1555522009E+01  0.1555723863E+01
  0.7980000000E+01  0.1555522092E+01  0.1555721692E+01
  0.7990000000E+01  0.1555522297E+01  0.1555719492E+01
  0.8000000000E+01  0.1555522645E+01  0.1555717276E+01
  0.8010000000E+01  0.1555523156E+01  0.1555715057E+01
  0.8020000000E+01  0.1555523849E+01  0.1555712847E+01
  0.8030000000E+01  0.1555524743E+01  0.1555710659E+01
  0.8040000000E+01  0.1555525858E+01  0.1555708505E+01
  0.8050000000E+01  0.1555527211E+01  0.1555706399E+01
  0.8060000000E+01  0.1555528818E+01  0.1555704352E+01
  0.8070000000E+01  0.1555530693E+01  0.1555702374E+01
  0.8080000000E+01  0.1555532851E+01  0.1555700477E+01
  0.8090000000E+01  0.1555535301E+01  0.1555698670E+01
  0.8100000000E+01  0.1555538051E+01  0.1555696962E+01
  0.8110000000E+01  0.1555541107E+01  0.1555695360E+01
  0.8120000000E+01  0.1555544471E+01  0.1555693870E+01
  0.8130000000E+01  0.1555548142E+01  0.1555692497E+01
  0.8140000000E+01  0.1555552115E+01  0.1555691246E+01
  0.8150000000E+01  0.1555556382E+01  0.1555690116E+01
  0.8160000000E+01  0.1555560930E+01  0.1555689110E+01
  0.8170000000E+01  0.1555565743E+01  0.1555688225E+01
  0.8180000000E+01  0.1555570799E+01  0.1555687459E+01
  0.8190000000E+01  0.1555576074E+01  0.1555686807E+01
  0.8200000000E+01  0.1555581539E+01  0.1555686264E+01
  0.8210000000E+01  0.1555587160E+01  0.1555685821E+01
  0.8220000000E+01  0.1555592900E+01  0.1555685471E+01
  0.8230000000E+01  0.1555598720E+01  0.1555685204E+01
  0.8240000000E+01  0.1555604574E+01  0.1555685010E+01
  0.8250000000E+01  0.1555610418E+01  0.1555684877E+01
  0.8260000000E+01  0.1555616202E+01  0.1555684793E+01
  0.8270000000E+01  0.1555621877E+01  0.1555684748E+01
  0.8280000000E+01  0.1555627391E+01  0.1555684728E+01
  0.8290000000E+01  0.1555632693E+01  0.1555684724E+01
  0.8300000000E+01  0.1555637732E+01  0.1555684724E+01
  0.8310000000E+01  0.1555642458E+01  0.1555684719E+01
  0.8320000000E+01  0.1555646824E+01  0.1555684699E+01
  0.8330000000E+01  0.1555650784E+01  0.1555684659E+01
  0.8340000000E+01  0.1555654297E+01  0.1555684591E+01
  0.8350000000E+01  0.1555657325E+01  0.1555684492E+01
  0.8360000000E+01  0.1555659836E+01  0.1555684360E+01
  0.8370000000E+01  0.1555661802E+01  0.1555684194E+01
  0.8380000000E+01  0.1555663201E+01  0.1555683997E+01
  0.8390000000E+01  0.1555664018E+01  0.1555683771E+01
  0.8400000000E+01  0.1555664244E+01  0.1555683522E+01
  0.8410000000E+01  0.1555663876E+01  0.1555683258E+01
  0.8420000000E+01  0.1555662919E+01  0.1555682987E+01
  0.8430000000E+01  0.1555661384E+01  0.1555682719E+01
  0.8440000000E+01  0.1555659287E+01  0.1555682465E+01
  0.8450000000E+01  0.1555656652E+01  0.1555682239E+01
  0.8460000000E+01  0.1555653509E+01  0.1555682053E+01
  0.8470000000E+01  0.1555649891E+01  0.1555681920E+01
  0.8480000000E+01  0.1555645838E+01  0.1555681855E+01
  0.8490000000E+01  0.1555641392E+01  0.1555681870E+01
  0.8500000000E+01  0.1555636600E+01  0.1555681980E+01
  0.8510000000E+01  0.1555631511E+01  0.1555682196E+01
  0.8520000000E+01  0.1555626175E+01  0.1555682531E+01
  0.8530000000E+01  0.1555620645E+01  0.1555682995E+01
  0.8540000000E+01  0.1555614971E+01  0.1555683597E+01
  0.8550000000E+01  0.1555609207E+01  0.1555684347E+01
  0.8560000000E+01  0.1555603403E+01  0.1555685250E+01
  0.8570000000E+01  0.1555597607E+01  0.1555686311E+01
  0.8580000000E+01  0.1555591866E+01  0.1555687534E+01
  0.8590000000E+01  0.1555586225E+01  0.1555688922E+01
  0.8600000000E+01  0.1555580724E+01  0.1555690473E+01
  0.8610000000E+01  0.1555575401E+01  0.1555692187E+01
  0.8620000000E+01  0.1555570289E+01  0.1555694060E+01
  0.8630000000E+01  0.1555565418E+01  0.1555696089E+01
  0.8640000000E+01  0.1555560812E+01  0.1555698268E+01
  0.8650000000E+01  0.1555556495E+01  0.1555700590E+01
  0.8660000000E+01  0.1555552481E+01  0.1555703048E+01
  0.8670000000E+01  0.1555548786E+01  0.1555705631E+01
  0.8680000000E+01  0.1555545418E+01  0.1555708332E+01
  0.8690000000E+01  0.1555542383E+01  0.1555711139E+01
  0.8700000000E+01  0.1555539682E+01  0.1555714041E+01
  0.8710000000E+01  0.1555537315E+01  0.1555717029E+01
  0.8720000000E+01  0.1555535277E+01  0.1555720090E+01
  0.8730000000E+01  0.1555533562E+01  0.1555723212E+01
  0.8740000000E+01  0.1555532160E+01  0.1555726385E+01
  0.8750000000E+01  0.1555531059E+01  0.1555729597E+01
  0.8760000000E+01  0.1555530247E+01  0.1555732837E+01
  0.8770000000E+01  0.1555529710E+01  0.1555736094E+01
  0.8780000000E+01  0.1555529430E+01  0.1555739357E+01
  0.8790000000E+01  0.1555529391E+01  0.1555742617E+01
  0.8800000000E+01  0.1555529576E+01  0.1555745864E+01
  0.8810000000E+01  0.1555529966E+01  0.1555749088E+01
  0.8820000000E+01  0.1555530544E+01  0.1555752282E+01
  0.8830000000E+01  0.1555531291E+01  0.1555755437E+01
  0.8840000000E+01  0.1555532189E+01  0.1555758545E+01
  0.8850000000E+01  0.1555533219E+01  0.1555761601E+01
  0.8860000000E+01  0.1555534366E+01  0.1555764598E+01
  0.8870000000E+01  0.1555535610E+01  0.1555767530E+01
  0.8880000000E+01  0.1555536937E+01  0.1555770392E+01
  0.8890000000E+01  0.1555538330E+01  0.1555773180E+01
  0.8900000000E+01  0.1555539775E+01  0.1555775890E+01
  0.8910000000E+01  0.1555541257E+01  0.1555778518E+01
  0.8920000000E+01  0.1555542764E+01  0.1555781062E+01
  0.8930000000E+01  0.1555544282E+01  0.1555783518E+01
  0.8940000000E+01  0.1555545800E+01  0.1555785886E+01
  0.8950000000E+01  0.1555547307E+01  0.1555788163E+01
  0.8960000000E+01  0.1555548793E+01  0.1555790349E+01
  0.8970000000E+01  0.1555550250E+01  0.1555792441E+01
  0.8980000000E+01  0.1555551668E+01  0.1555794441E+01
  0.8990000000E+01  0.1555553040E+01  0.1555796347E+01
  0.9000000000E+01  0.1555554360E+01  0.1555798160E+01
  0.9010000000E+01  0.1555555621E+01  0.1555799880E+01
  0.9020000000E+01  0.1555556818E+01  0.1555801507E+01
  0.9030000000E+01  0.1555557945E+01  0.1555803043E+01
  0.9040000000E+01  0.1555559000E+01  0.1555804488E+01
  0.9050000000E+01  0.1555559977E+01  0.1555805843E+01
  0.9060000000E+01  0.1555560874E+01  0.1555807110E+01
  0.9070000000E+01  0.1555561689E+01  0.1555808291E+01
  0.9080000000E+01  0.1555562419E+01  0.1555809385E+01
  0.9090000000E+01  0.1555563062E+01  0.1555810396E+01
  0.9100000000E+01  0.1555563618E+01  0.1555811325E+01
  0.9110000000E+01  0.1555564085E+01  0.1555812173E+01
  0.9120000000E+01  0.1555564463E+01  0.1555812943E+01
  0.9130000000E+01  0.1555564753E+01  0.1555813636E+01
  0.9140000000E+01  0.1555564953E+01  0.1555814254E+01
  0.9150000000E+01  0.1555565066E+01  0.1555814799E+01
  0.9160000000E+01  0.1555565091E+01  0.1555815274E+01
  0.9170000000E+01  0.1555565031E+01  0.1555815679E+01
  0.9180000000E+01  0.1555564886E+01  0.1555816018E+01
  0.9190000000E+01  0.1555564659E+01  0.1555816292E+01
  0.9200000000E+01  0.1555564353E+01  0.1555816504E+01
  0.9210000000E+01  0.1555563969E+01  0.1555816654E+01
  0.9220000000E+01  0.1555563512E+01  0.1555816747E+01
  0.9230000000E+01  0.1555562983E+01  0.1555816782E+01
  0.9240000000E+01  0.1555562388E+01  0.1555816764E+01
  0.9250000000E+01  0.1555561730E+01  0.1555816693E+01
  0.9260000000E+01  0.1555561013E+01  0.1555816572E+01
  0.9270000000E+01  0.1555560243E+01  0.1555816403E+01
  0.9280000000E+01  0.1555559426E+01  0.1555816187E+01
  0.9290000000E+01  0.1555558566E+01  0.1555815928E+01
  0.9300000000E+01  0.1555557670E+01  0.1555815628E+01
  0.9310000000E+01  0.1555556745E+01  0.1555815287E+01
  0.9320000000E+01  0.1555555798E+01  0.1555814909E+01
  0.9330000000E+01  0.1555554837E+01  0.1555814496E+01
  0.9340000000E+01  0.1555553870E+01  0.1555814050E+01
  0.9350000000E+01  0.1555552906E+01  0.1555813572E+01
  0.9360000000E+01  0.1555551953E+01  0.1555813066E+01
  0.9370000000E+01  0.1555551022E+01  0.1555812533E+01
  0.9380000000E+01  0.1555550123E+01  0.1555811976E+01
  0.9390000000E+01  0.1555549265E+01  0.1555811397E+01
  0.9400000000E+01  0.1555548460E+01  0.1555810798E+01
  0.9410000000E+01  0.1555547720E+01  0.1555810182E+01
  0.9420000000E+01  0.1555547055E+01  0.1555809551E+01
  0.9430000000E+01  0.1555546478E+01  0.1555808907E+01
  0.9440000000E+01  0.1555546001E+01  0.1555808253E+01
  0.9450000000E+01  0.1555545637E+01  0.1555807590E+01
  0.9460000000E+01  0.1555545396E+01  0.1555806923E+01
  0.9470000000E+01  0.1555545292E+01  0.1555806252E+01
  0.9480000000E+01  0.1555545337E+01  0.1555805582E+01
  0.9490000000E+01  0.1555545541E+01  0.1555804913E+01
  0.9500000000E+01  0.1555545918E+01  0.1555804249E+01
  0.9510000000E+01  0.1555546476E+01  0.1555803593E+01
  0.9520000000E+01  0.1555547227E+01  0.1555802947E+01
  0.9530000000E+01  0.1555548179E+01  0.1555802313E+01
  0.9540000000E+01  0.1555549340E+01  0.1555801694E+01
  0.9550000000E+01  0.1555550718E+01  0.1555801093E+01
  0.9560000000E+01  0.1555552318E+01  0.1555800513E+01
  0.9570000000E+01  0.1555554143E+01  0.1555799956E+01
  0.9580000000E+01  0.1555556195E+01  0.1555799425E+01
  0.9590000000E+01  0.1555558476E+01  0.1555798922E+01
  0.9600000000E+01  0.1555560983E+01  0.1555798449E+01
  0.9610000000E+01  0.1555563713E+01  0.1555798010E+01
  0.9620000000E+01  0.1555566658E+01  0.1555797607E+01
  0.9630000000E+01  0.1555569812E+01  0.1555797242E+01
  0.9640000000E+01  0.1555573161E+01  0.1555796916E+01
  0.9650000000E+01  0.1555576694E+01  0.1555796633E+01
  0.9660000000E+01  0.1555580394E+01  0.1555796395E+01
  0.9670000000E+01  0.1555584242E+01  0.1555796202E+01
  0.9680000000E+01  0.1555588217E+01  0.1555796057E+01
  0.9690000000E+01  0.1555592297E+01  0.1555795962E+01
  0.9700000000E+01  0.1555596455E+01  0.1555795917E+01
  0.9710000000E+01  0.1555600664E+01  0.1555795923E+01
  0.9720000000E+01  0.1555604894E+01  0.1555795982E+01
  0.9730000000E+01  0.1555609116E+01  0.1555796094E+01
  0.9740000000E+01  0.1555613297E+01  0.1555796260E+01
  0.9750000000E+01  0.1555617404E+01  0.1555796479E+01
  0.9760000000E+01  0.1555621404E+01  0.1555796751E+01
  0.9770000000E+01  0.1555625263E+01  0.1555797075E+01
  0.9780000000E+01  0.1555628949E+01  0.1555797451E+01
  0.9790000000E+01  0.1555632428E+01  0.1555797878E+01
  0.9800000000E+01  0.1555635670E+01  0.1555798353E+01
  0.9810000000E+01  0.1555638644E+01  0.1555798875E+01
  0.9820000000E+01  0.1555641323E+01  0.1555799440E+01
  0.9830000000E+01  0.1555643682E+01  0.1555800048E+01
  0.9840000000E+01  0.1555645697E+01  0.1555800693E+01
  0.9850000000E+01  0.1555647350E+01  0.1555801374E+01
  0.9860000000E+01  0.1555648624E+01  0.1555802085E+01
  0.9870000000E+01  0.1555649507E+01  0.1555802822E+01
  0.9880000000E+01  0.1555649989E+01  0.1555803581E+01
  0.9890000000E+01  0.1555650067E+01  0.1555804357E+01
  0.9900000000E+01  0.1555649737E+01  0.1555805144E+01
  0.9910000000E+01  0.1555649005E+01  0.1555805936E+01
  0.9920000000E+01  0.1555647875E+01  0.1555806727E+01
  0.9930000000E+01  0.1555646360E+01  0.1555807511E+01
  0.9940000000E+01  0.1555644472E+01  0.1555808281E+01
  0.9950000000E+01  0.1555642231E+01  0.1555809029E+01
  0.9960000000E+01  0.1555639655E+01  0.1555809748E+01
  0.9970000000E+01  0.1555636768E+01  0.1555810431E+01
  0.9980000000E+01  0.1555633596E+01  0.1555811069E+01
  0.9990000000E+01  0.1555630166E+01  0.1555811654E+01
  0.1000000000E+02  0.1555626507E+01  0.1555812178E+01
